34.5 -56.2 23.0 89.1 -12.8 77.0 45.9 -67.4 91.3 10.0
-54.5 88.9 23.4 -11.2 39.8 72.5 -95.7 41.2 53.0 -80.4
66.3 -32.8 78.0 -99.9 5.5 47.1 -60.0 25.4 36.8 -15.6
87.2 -14.0 71.7 62.0 -55.3 42.4 98.6 -83.5 30.1 -50.0
94.4 -11.9 73.2 -64.7 22.1 -97.3 68.0 84.5 -51.4 40.6
63.8 -19.3 33.0 79.5 -59.7 81.0 -17.8 93.9 70.4 -44.6
28.3 -85.0 92.2 -37.9 31.6 65.5 -18.0 46.7 58.8 -74.3
29.0 -100.0 24.4 -69.9 90.0 27.6 -48.5 35.2 38.4 -20.5
52.7 -26.9 43.5 -13.4 16.8 -61.1 57.0 -49.7 9.9 75.5
8.0 -7.2 6.6 -5.4 4.3 -3.9 2.5 -1.1 88.8 99.9
